28.08 1006.51
28.09 1006.49
28.09 1006.55
28.09 1006.52
28.09 1006.51
28.10 1006.48
28.09 1006.47
28.10 1006.49
28.10 1006.50
28.10 1006.51
28.10 1006.49
28.10 1006.51
28.11 1006.50
28.10 1006.47
28.11 1006.49
28.11 1006.48
28.12 1006.50
28.11 1006.49
28.11 1006.48
28.12 1006.49
28.12 1006.49
28.12 1006.53
28.12 1006.50
28.13 1006.52
28.13 1006.53
28.13 1006.50
28.14 1006.51
28.14 1006.50
28.14 1006.53
28.14 1006.54
28.14 1006.52
28.14 1006.50
28.15 1006.51
28.14 1006.50
28.15 1006.50
28.15 1006.50
28.15 1006.50
28.15 1006.52
28.15 1006.48
28.16 1006.50
28.16 1006.51
28.16 1006.51
28.16 1006.50
28.16 1006.50
28.16 1006.49
28.16 1006.49
28.17 1006.51
28.16 1006.49
28.17 1006.50
28.17 1006.48
28.16 1006.48
28.17 1006.49
28.17 1006.50
28.17 1006.49
28.17 1006.48
28.17 1006.49
28.17 1006.49
28.17 1006.50
28.18 1006.48
28.18 1006.50
28.18 1006.49
28.18 1006.49
28.19 1006.48
28.19 1006.52
28.19 1006.50
28.19 1006.52
28.19 1006.52
28.19 1006.52
28.19 1006.50
28.18 1006.52
28.19 1006.53
28.19 1006.53
28.19 1006.49
28.19 1006.51
28.19 1006.52
28.19 1006.51
28.19 1006.52
28.19 1006.49
28.20 1006.55
28.20 1006.50
28.20 1006.51
28.20 1006.52
28.20 1006.51
28.20 1006.52
28.20 1006.50
28.20 1006.52
28.21 1006.53
28.21 1006.51
28.21 1006.50
28.21 1006.50
28.21 1006.55
28.21 1006.52
28.22 1006.52
28.22 1006.52
28.22 1006.52
28.22 1006.51
28.22 1006.49
28.22 1006.50
28.22 1006.51
28.22 1006.50
28.22 1006.49
28.22 1006.48
28.22 1006.52
28.22 1006.50
28.22 1006.51
28.22 1006.50
28.22 1006.49
28.22 1006.52
28.21 1006.52
28.21 1006.51
28.21 1006.50
28.21 1006.52
28.22 1006.52
28.22 1006.50
28.22 1006.52
28.22 1006.50
28.22 1006.50
28.23 1006.51
28.23 1006.52
28.23 1006.53
28.23 1006.51
28.23 1006.49
28.23 1006.51
28.23 1006.51
28.24 1006.51
28.23 1006.52
28.24 1006.52
28.24 1006.48
28.24 1006.49
28.25 1006.50
28.24 1006.48
28.24 1006.48
28.25 1006.52
28.24 1006.51
28.25 1006.50
28.24 1006.49
28.25 1006.51
28.25 1006.54
28.25 1006.51
28.25 1006.53
28.25 1006.50
28.25 1006.52
28.25 1006.50
28.26 1006.50
28.26 1006.49
28.26 1006.50
28.26 1006.49
28.27 1006.50
28.26 1006.52
28.26 1006.49
28.27 1006.50
28.27 1006.52
28.27 1006.51
28.27 1006.50
28.27 1006.51
28.27 1006.53
28.28 1006.50
28.28 1006.51
28.28 1006.51
28.28 1006.50
28.28 1006.52
28.28 1006.49
28.28 1006.49
28.28 1006.51
28.28 1006.50
28.28 1006.49
28.28 1006.50
28.28 1006.53
28.27 1006.52
28.27 1006.53
28.27 1006.51
28.27 1006.54
28.27 1006.51
28.28 1006.50
28.27 1006.52
28.27 1006.55
28.28 1006.52
28.27 1006.50
28.27 1006.52
28.27 1006.50
28.27 1006.51
28.28 1006.54
28.27 1006.52
28.28 1006.49
28.28 1006.53
28.27 1006.51
28.27 1006.51
28.27 1006.48
28.27 1006.53
28.28 1006.52
28.27 1006.50
28.27 1006.51
28.27 1006.47
28.27 1006.51
28.27 1006.51
28.27 1006.50
28.27 1006.50
28.27 1006.51
28.27 1006.51
28.27 1006.50
28.27 1006.51
28.28 1006.53
28.27 1006.50
28.28 1006.49
28.28 1006.54
28.28 1006.53
28.28 1006.50
28.28 1006.52
28.28 1006.50
28.28 1006.50
28.28 1006.49
28.28 1006.50
28.28 1006.51
28.28 1006.50
28.28 1006.50
28.28 1006.50
28.29 1006.49
28.28 1006.49
28.29 1006.50
28.29 1006.50
28.29 1006.50
28.29 1006.53
28.29 1006.54
28.29 1006.50
28.29 1006.50
28.29 1006.51
28.29 1006.51
28.29 1006.51
28.30 1006.52
28.29 1006.52
28.29 1006.52
28.29 1006.55
28.29 1006.53
28.29 1006.52
28.30 1006.53
28.30 1006.52
28.30 1006.51
28.30 1006.52
28.30 1006.51
28.31 1006.50
28.31 1006.49
28.30 1006.51
28.31 1006.53
28.31 1006.51
28.31 1006.50
28.31 1006.52
28.31 1006.50
28.31 1006.51
28.31 1006.51
28.31 1006.51
28.32 1006.52
28.31 1006.53
28.31 1006.54
28.32 1006.52
28.32 1006.52
28.32 1006.53
28.32 1006.54
28.32 1006.51
28.32 1006.54
28.32 1006.55
28.32 1006.52
28.32 1006.53
28.32 1006.55
28.32 1006.52
28.32 1006.51
28.33 1006.53
28.33 1006.52
28.33 1006.53
28.32 1006.52
28.32 1006.47
28.31 1006.51
28.31 1006.53
28.30 1006.52
28.30 1006.57
28.29 1006.49
28.29 1006.52
28.29 1006.54
28.29 1006.50
28.29 1006.51
28.29 1006.50
28.29 1006.51
28.29 1006.51
28.29 1006.53
28.29 1006.51
28.29 1006.51
28.29 1006.52
28.29 1006.51
28.28 1006.51
28.28 1006.51
28.28 1006.48
28.29 1006.51
28.29 1006.54
28.29 1006.50
28.29 1006.49
28.28 1006.53
28.28 1006.50
28.27 1006.51
28.26 1006.52
28.26 1006.52
28.26 1006.51
28.26 1006.52
28.26 1006.53
28.25 1006.51
28.25 1006.49
28.25 1006.49
28.26 1006.52
28.25 1006.50
28.26 1006.54
28.26 1006.51
28.26 1006.52
28.26 1006.52
28.27 1006.49
28.27 1006.53
28.27 1006.54
28.27 1006.52
28.27 1006.52
28.27 1006.51
28.27 1006.54
28.27 1006.55
28.27 1006.54
28.27 1006.54
28.27 1006.52
28.28 1006.52
28.28 1006.52
28.28 1006.51
28.28 1006.51
28.28 1006.51
28.29 1006.50
28.29 1006.53
28.29 1006.51
28.29 1006.51
28.29 1006.49
28.29 1006.50
28.29 1006.52
28.29 1006.51
28.30 1006.53
28.29 1006.52
28.30 1006.52
28.30 1006.50
28.30 1006.49
28.30 1006.50
28.30 1006.51
28.30 1006.52
28.30 1006.53
28.30 1006.53
28.31 1006.54
28.31 1006.55
28.31 1006.51
28.31 1006.49
28.31 1006.52
28.32 1006.52
28.32 1006.52
28.32 1006.52
28.32 1006.53
28.33 1006.52
28.32 1006.53
28.32 1006.50
28.32 1006.49
28.32 1006.51
28.32 1006.48
28.32 1006.49
28.32 1006.52
28.32 1006.48
28.33 1006.50
28.33 1006.51
28.33 1006.52
28.33 1006.50
28.33 1006.51
28.33 1006.51
28.34 1006.51
28.33 1006.49
28.34 1006.50
28.34 1006.49
28.34 1006.50
28.33 1006.51
28.34 1006.50
28.34 1006.49
28.35 1006.52
28.35 1006.51
28.35 1006.50
28.35 1006.50
28.35 1006.54
28.35 1006.51
28.35 1006.51
28.37 1006.61
28.41 1006.61
28.50 1006.56
28.56 1006.52
28.57 1006.54
28.55 1006.55
28.53 1006.60
28.56 1006.55
28.53 1006.56
28.51 1006.58
28.49 1006.56
28.49 1006.57
28.49 1006.58
28.49 1006.58
28.49 1006.55
28.49 1006.56
28.49 1006.57
28.49 1006.54
28.49 1006.52
28.49 1006.55
28.49 1006.54
28.49 1006.51
28.49 1006.54
28.48 1006.52
28.49 1006.56
28.48 1006.54
28.49 1006.50
28.49 1006.53
28.49 1006.52
28.49 1006.53
28.49 1006.54
28.50 1006.54
28.50 1006.54
28.50 1006.55
28.50 1006.53
28.50 1006.53
28.51 1006.54
28.50 1006.54
28.50 1006.53
28.51 1006.52
28.51 1006.55
28.51 1006.54
28.51 1006.56
28.51 1006.53
28.00 1006.57
28.00 1006.55
28.00 1006.56
28.00 1006.57
28.00 1006.54
28.00 1006.54
28.01 1006.54
28.01 1006.56
28.01 1006.53
28.01 1006.54
28.01 1006.54
28.02 1006.55
28.02 1006.54
28.01 1006.53
28.02 1006.53
28.02 1006.56
28.03 1006.53
28.03 1006.56
28.03 1006.55
28.03 1006.53
28.03 1006.57
28.04 1006.56
28.04 1006.55
28.04 1006.55
28.04 1006.54
28.04 1006.54
28.04 1006.57
28.04 1006.56
28.04 1006.56
28.04 1006.56
28.03 1006.56
28.03 1006.57
28.03 1006.57
28.03 1006.56
28.03 1006.53
28.03 1006.54
28.03 1006.54
28.03 1006.57
28.03 1006.56
28.03 1006.57
28.03 1006.58
28.04 1006.58
28.04 1006.57
28.03 1006.59
28.03 1006.55
28.04 1006.56
28.05 1006.56
28.05 1006.58
28.05 1006.55
28.05 1006.54
28.06 1006.57
28.06 1006.57
28.06 1006.56
28.06 1006.58
28.07 1006.55
28.07 1006.57
28.07 1006.58
28.06 1006.54
28.07 1006.57
28.07 1006.57
28.07 1006.53
28.07 1006.54
28.07 1006.57
28.08 1006.56
28.08 1006.58
28.08 1006.56
28.09 1006.57
28.09 1006.58
28.09 1006.58
28.10 1006.57
28.10 1006.56
28.10 1006.59
28.10 1006.58
28.11 1006.55
28.10 1006.57
28.11 1006.51
28.11 1006.55
28.11 1006.52
28.12 1006.53
28.12 1006.54
28.12 1006.57
28.11 1006.57
28.11 1006.57
28.11 1006.55
28.11 1006.55
28.12 1006.53
28.12 1006.56
28.12 1006.56
28.12 1006.57
28.12 1006.54
28.12 1006.55
28.12 1006.57
28.12 1006.56
28.12 1006.54
28.12 1006.59
28.11 1006.56
28.11 1006.56
28.12 1006.60
28.11 1006.55
28.11 1006.54
28.11 1006.56
28.11 1006.59
28.11 1006.60
28.10 1006.58
28.11 1006.59
28.11 1006.59
28.11 1006.58
28.11 1006.59
28.11 1006.60
28.11 1006.62
28.11 1006.58
28.12 1006.54
28.11 1006.59
28.12 1006.55
28.11 1006.55
28.12 1006.58
28.12 1006.55
28.13 1006.59
28.13 1006.55
28.13 1006.58
28.14 1006.57
28.14 1006.59
28.14 1006.54
28.14 1006.56
28.14 1006.55
28.14 1006.54
28.15 1006.57
28.16 1006.57
28.16 1006.56
28.16 1006.56
28.16 1006.54
28.16 1006.55
28.17 1006.56
28.17 1006.57
28.18 1006.55
28.18 1006.56
28.18 1006.58
28.18 1006.55
