49.20
49.20
49.20
49.20
49.20
49.20
49.20
49.20
49.20
49.20
49.20
45.70
45.70
45.70
45.70
45.70
45.70
45.70
45.70
45.70
45.70
45.70
45.70
45.70
45.70
45.70
45.70
45.70
45.70
45.70
45.70
45.70
45.70
45.70
45.70
45.70
45.70
45.70
45.70
45.70
45.70
45.70
45.70
45.70
45.70
45.70
45.70
45.70
45.70
45.70
45.70
45.70
45.70
45.70
45.70
45.70
45.60
45.60
45.60
45.60
45.60
45.60
45.60
45.60
45.60
45.60
45.60
45.60
45.60
45.60
45.60
45.60
45.60
45.60
45.60
45.60
45.60
45.60
45.60
45.60
45.60
45.60
45.60
45.60
45.60
45.60
45.60
45.60
45.60
45.60
45.60
45.70
45.70
45.70
45.70
45.70
45.70
45.70
45.70
45.70
45.70
45.70
45.70
45.80
45.80
45.80
45.80
45.80
45.80
45.80
45.80
45.80
45.80
45.80
45.80
45.90
45.90
45.90
45.90
45.90
45.90
45.90
45.90
45.90
45.90
45.90
45.90
45.90
45.90
45.90
45.90
45.90
45.90
45.90
45.90
45.90
45.90
45.90
45.90
45.90
45.90
45.90
45.90
45.90
45.90
45.90
45.90
45.90
45.90
45.90
45.80
45.80
45.80
45.80
45.80
45.80
45.80
45.80
45.80
45.80
45.80
45.80
45.80
45.80
45.80
45.80
45.80
45.80
45.80
45.80
45.80
45.80
45.80
45.80
45.70
45.70
45.70
45.70
45.70
45.70
45.70
45.70
45.70
45.70
45.70
45.70
45.70
45.70
45.70
45.70
45.70
45.70
45.70
45.70
45.70
45.70
45.70
45.70
45.70
45.70
45.70
45.70
45.70
45.70
45.70
45.70
45.70
45.70
45.70
45.70
46.00
46.00
46.00
46.00
46.00
46.00
46.00
46.00
46.00
46.00
46.00
46.00
46.30
46.30
46.30
46.30
46.30
46.30
46.30
46.30
46.30
46.30
46.30
46.30
46.50
46.50
46.50
46.50
46.50
46.50
46.50
46.50
46.50
46.50
46.50
46.50
46.50
46.50
46.50
46.50
46.50
46.50
46.50
46.50
46.50
46.50
46.50
46.50
47.00
47.00
47.00
47.00
47.00
47.00
47.00
47.00
47.00
47.00
47.00
47.00
47.50
47.50
47.50
47.50
47.50
47.50
47.50
47.50
47.50
47.50
47.50
47.50
48.00
48.00
48.00
48.00
48.00
48.00
48.00
48.00
48.00
48.00
48.00
48.00
48.50
48.50
48.50
48.50
48.50
48.50
48.50
48.50
48.50
48.50
48.50
48.50
48.70
48.70
48.70
48.70
48.70
48.70
48.70
48.70
48.70
48.70
48.70
48.70
48.80
48.80
48.80
48.80
48.80
48.80
48.80
48.80
48.80
48.80
48.80
48.80
48.60
48.60
48.60
48.60
48.60
48.60
48.60
48.60
48.60
48.60
48.60
48.60
48.50
48.50
48.50
48.50
48.50
48.50
48.50
48.50
48.50
48.50
48.50
48.50
48.30
48.30
48.30
48.30
48.30
48.30
48.30
48.30
48.30
48.30
48.30
48.30
48.10
48.10
48.10
48.10
48.10
48.10
48.10
48.10
48.10
48.10
48.10
48.10
47.70
47.70
47.70
47.70
47.70
47.70
47.70
47.70
47.70
47.70
47.70
47.70
47.10
47.10
47.10
47.10
47.10
47.10
47.10
47.10
47.10
47.10
47.10
47.10
50.20
50.20
50.20
50.20
50.20
50.20
50.20
50.20
50.20
50.20
50.20
50.20
55.10
55.10
55.10
55.10
55.10
55.10
55.10
55.10
55.10
55.10
55.10
54.10
54.10
54.10
51.50
51.50
51.50
51.50
51.50
51.50
51.50
51.50
51.50
51.50
51.50
51.50
48.10
48.10
48.10
48.10
48.10
48.10
48.10
48.10
48.10
48.10
48.10
48.10
48.10
48.10
48.10
48.10
48.10
48.10
48.10
48.10
48.10
48.10
48.10
48.10
48.20
48.20
48.20
48.20
48.20
48.20
48.20
48.20
48.20
48.20
48.20
48.20
48.30
48.30
48.30
48.30
48.30
48.30
48.30
48.30
48.30
48.30
48.30
48.30
48.60
48.60
48.60
48.60
48.60
48.60
48.60
48.60
48.60
48.60
48.60
48.60
48.90
48.90
48.90
48.90
48.90
48.90
48.90
48.90
48.90
48.90
48.90
48.90
49.10
49.10
49.10
49.10
49.10
49.10
49.10
49.10
49.10
49.10
49.10
49.10
49.30
49.30
49.30
49.30
49.30
49.30
49.30
49.30
49.30
49.30
49.30
49.30
49.60
49.60
49.60
49.60
49.60
49.60
49.60
49.60
49.60
49.60
49.60
49.60
50.00
50.00
50.00
50.00
50.00
50.00
50.00
50.00
50.00
50.00
50.00
50.00
50.00
50.00
50.00
50.00
50.00
50.00
