-0.00 0.03 0.97 0.43 -0.12 0.55 65.45 822.50 -1126.60
-0.00 0.02 0.97 0.49 -0.12 0.55 65.45 822.50 -1126.60
-0.00 0.03 0.97 0.55 -0.18 0.49 65.45 822.50 -1126.60
-0.00 0.02 0.97 0.55 -0.12 0.61 54.83 843.72 -1102.74
-0.00 0.02 0.97 0.61 -0.24 0.43 54.83 843.72 -1102.74
-0.00 0.02 0.97 0.61 -0.24 0.55 54.83 840.19 -1116.37
-0.00 0.02 0.97 0.55 -0.18 0.49 54.83 840.19 -1116.37
-0.00 0.03 0.96 0.55 -0.18 0.55 54.83 840.19 -1116.37
-0.00 0.03 0.96 0.61 -0.18 0.49 54.83 840.19 -1116.37
-0.00 0.02 0.96 0.55 -0.18 0.61 60.14 824.27 -1121.48
-0.00 0.02 0.97 0.55 -0.12 0.49 60.14 824.27 -1121.48
-0.00 0.03 0.96 0.55 -0.18 0.49 47.76 843.72 -1140.23
-0.00 0.02 0.96 0.55 -0.12 0.43 47.76 843.72 -1140.23
-0.00 0.03 0.96 0.49 -0.12 0.55 68.98 833.11 -1143.64
-0.00 0.03 0.97 0.55 -0.18 0.55 60.14 838.42 -1135.12
-0.00 0.02 0.96 0.55 -0.06 0.55 42.45 838.42 -1124.89
-0.00 0.02 0.97 0.49 -0.24 0.55 42.45 838.42 -1124.89
0.00 0.02 0.96 0.55 -0.18 0.55 42.45 838.42 -1124.89
-0.00 0.02 0.96 0.61 -0.18 0.49 42.45 838.42 -1124.89
-0.00 0.02 0.97 0.49 -0.06 0.55 65.45 829.57 -1130.01
-0.00 0.03 0.96 0.55 -0.24 0.61 65.45 829.57 -1130.01
0.00 0.02 0.97 0.49 0.00 0.85 65.45 829.57 -1130.01
-0.02 0.02 0.97 0.49 -0.12 0.67 65.45 829.57 -1130.01
0.00 0.03 0.97 0.61 -0.12 0.43 65.45 829.57 -1130.01
-0.00 0.03 0.97 0.55 -0.24 0.61 65.45 829.57 -1130.01
-0.00 0.02 0.96 0.61 -0.18 0.49 65.45 829.57 -1130.01
-0.00 0.03 0.97 0.55 -0.18 0.61 65.45 829.57 -1130.01
-0.00 0.02 0.97 0.61 -0.24 0.43 65.45 829.57 -1130.01
-0.00 0.02 0.96 0.55 -0.12 0.61 65.45 829.57 -1130.01
-0.00 0.03 0.96 0.55 -0.24 0.55 65.45 829.57 -1130.01
-0.00 0.02 0.96 0.55 -0.18 0.43 65.45 829.57 -1130.01
-0.00 0.02 0.97 0.55 -0.12 0.49 65.45 829.57 -1130.01
-0.00 0.03 0.96 0.49 -0.12 0.49 68.98 840.19 -1143.64
-0.00 0.02 0.97 0.55 -0.12 0.49 68.98 857.87 -1153.87
-0.00 0.03 0.97 0.55 -0.06 0.49 53.06 838.42 -1138.53
-0.00 0.03 0.96 0.49 -0.18 0.55 53.06 838.42 -1138.53
-0.00 0.02 0.97 0.55 -0.18 0.49 53.06 838.42 -1138.53
-0.00 0.03 0.97 0.55 -0.12 0.55 53.06 838.42 -1138.53
-0.00 0.03 0.97 0.61 -0.18 0.49 63.68 831.34 -1145.35
-0.00 0.02 0.97 0.49 -0.24 0.49 56.60 841.95 -1128.30
-0.00 0.02 0.97 0.49 -0.18 0.49 65.45 840.19 -1133.42
-0.00 0.02 0.96 0.61 -0.24 0.49 61.91 826.03 -1147.05
-0.00 0.02 0.96 0.55 -0.06 0.55 61.91 826.03 -1147.05
-0.00 0.02 0.96 0.55 -0.18 0.55 61.91 826.03 -1147.05
-0.00 0.03 0.97 0.55 -0.24 0.55 84.90 834.88 -1135.12
-0.00 0.03 0.96 0.55 -0.12 0.55 84.90 834.88 -1135.12
-0.00 0.02 0.97 0.55 -0.24 0.43 65.45 843.72 -1143.64
-0.00 0.02 0.96 0.49 -0.24 0.49 65.45 843.72 -1143.64
-0.00 0.03 0.97 0.55 -0.24 0.55 65.45 843.72 -1143.64
-0.00 0.03 0.97 0.55 -0.06 0.49 65.45 843.72 -1143.64
-0.00 0.03 0.96 0.49 -0.31 0.49 65.45 843.72 -1143.64
-0.00 0.03 0.97 0.55 -0.18 0.49 65.45 843.72 -1143.64
0.00 0.03 0.96 0.67 -0.18 0.55 65.45 843.72 -1143.64
-0.00 0.03 0.97 0.49 -0.18 0.55 65.45 843.72 -1143.64
-0.00 0.03 0.97 0.55 -0.18 0.49 65.45 843.72 -1143.64
-0.01 0.03 0.96 0.55 -0.24 0.49 65.45 843.72 -1143.64
-0.00 0.02 0.97 0.67 -0.12 0.55 67.21 838.42 -1141.94
-0.00 0.02 0.97 0.49 -0.24 0.55 67.21 838.42 -1141.94
-0.00 0.03 0.97 0.49 -0.24 0.49 67.21 838.42 -1141.94
-0.00 0.02 0.96 0.55 -0.18 0.49 63.68 838.42 -1131.71
-0.00 0.03 0.96 0.55 -0.18 0.55 61.91 829.57 -1140.23
-0.00 0.02 0.96 0.49 -0.18 0.49 61.91 829.57 -1140.23
-0.00 0.02 0.97 0.55 -0.18 0.49 61.91 829.57 -1140.23
-0.00 0.02 0.97 0.49 -0.12 0.55 61.91 829.57 -1140.23
-0.00 0.02 0.97 0.61 -0.12 0.49 61.91 829.57 -1140.23
-0.00 0.03 0.96 0.61 -0.18 0.55 61.91 829.57 -1140.23
-0.00 0.02 0.96 0.49 -0.24 0.61 61.91 829.57 -1140.23
-0.00 0.02 0.96 0.55 -0.12 0.55 61.91 829.57 -1140.23
-0.00 0.03 0.97 0.49 -0.18 0.49 61.91 829.57 -1140.23
-0.00 0.02 0.96 0.49 -0.18 0.55 61.91 829.57 -1140.23
-0.00 0.03 0.96 0.55 -0.18 0.55 61.91 829.57 -1140.23
-0.00 0.03 0.96 0.49 -0.24 0.55 61.91 829.57 -1140.23
-0.00 0.02 0.97 0.49 -0.18 0.49 61.91 829.57 -1140.23
-0.00 0.03 0.97 0.49 -0.18 0.55 61.91 829.57 -1140.23
-0.00 0.03 0.96 0.49 -0.24 0.49 61.91 836.65 -1143.64
-0.00 0.03 0.97 0.61 -0.12 0.49 61.91 836.65 -1143.64
-0.00 0.03 0.97 0.55 -0.18 0.55 61.91 836.65 -1143.64
-0.00 0.02 0.97 0.55 -0.18 0.55 61.91 836.65 -1143.64
-0.00 0.02 0.96 0.49 -0.18 0.49 61.91 836.65 -1143.64
-0.00 0.02 0.97 0.55 -0.12 0.55 70.75 838.42 -1135.12
-0.00 0.02 0.96 0.55 -0.18 0.49 72.52 840.19 -1150.46
-0.00 0.03 0.97 0.55 -0.12 0.49 72.52 840.19 -1150.46
-0.00 0.03 0.97 0.61 -0.18 0.49 61.91 836.65 -1143.64
-0.00 0.02 0.97 0.55 -0.18 0.43 61.91 836.65 -1143.64
-0.00 0.02 0.96 0.61 -0.12 0.55 56.60 834.88 -1131.71
-0.00 0.02 0.96 0.61 -0.24 0.43 45.99 827.80 -1141.94
-0.00 0.02 0.96 0.43 -0.18 0.55 65.45 829.57 -1136.82
-0.00 0.02 0.96 0.61 -0.12 0.49 63.68 831.34 -1135.12
-0.00 0.02 0.97 0.55 -0.24 0.61 51.30 836.65 -1130.01
-0.00 0.02 0.97 0.55 -0.18 0.43 51.30 836.65 -1130.01
-0.00 0.03 0.96 0.55 -0.12 0.49 51.30 836.65 -1130.01
-0.00 0.02 0.97 0.55 -0.06 0.55 58.37 836.65 -1136.82
-0.00 0.03 0.97 0.55 -0.12 0.49 58.37 836.65 -1136.82
-0.00 0.03 0.96 0.49 -0.18 0.55 58.37 836.65 -1136.82
-0.00 0.03 0.97 0.55 -0.18 0.55 70.75 838.42 -1141.94
-0.00 0.03 0.97 0.55 -0.18 0.55 65.45 840.19 -1136.82
-0.00 0.03 0.96 0.55 -0.12 0.49 79.60 836.65 -1147.05
-0.00 0.02 0.96 0.55 -0.24 0.43 79.60 836.65 -1147.05
-0.00 0.03 0.96 0.55 -0.12 0.49 79.60 836.65 -1147.05
-0.00 0.03 0.97 0.55 -0.24 0.49 58.37 840.19 -1143.64
-0.01 0.02 0.96 0.67 -0.18 0.49 58.37 840.19 -1143.64
-0.00 0.03 0.96 0.55 -0.18 0.49 58.37 840.19 -1143.64
-0.00 0.03 0.97 0.55 -0.12 0.49 61.91 833.11 -1133.42
-0.00 0.02 0.96 0.55 -0.31 0.49 61.91 833.11 -1133.42
-0.00 0.03 0.97 0.55 -0.06 0.55 61.91 840.19 -1147.05
-0.00 0.02 0.97 0.55 -0.18 0.55 61.91 840.19 -1147.05
-0.00 0.03 0.97 0.49 -0.12 0.55 61.91 840.19 -1147.05
-0.00 0.03 0.96 0.55 -0.18 0.49 65.45 843.72 -1130.01
-0.00 0.02 0.96 0.55 -0.12 0.55 60.14 841.95 -1138.53
-0.00 0.03 0.97 0.61 -0.18 0.55 60.14 841.95 -1138.53
-0.00 0.02 0.96 0.61 -0.24 0.49 60.14 841.95 -1138.53
-0.00 0.02 0.96 0.55 -0.18 0.55 67.21 824.27 -1155.57
-0.00 0.03 0.96 0.61 -0.18 0.61 67.21 824.27 -1155.57
-0.01 0.03 0.96 0.61 -0.31 0.49 67.21 849.03 -1131.71
-0.00 0.03 0.96 0.55 -0.24 0.49 67.21 849.03 -1131.71
-0.00 0.02 0.97 0.61 -0.12 0.55 67.21 849.03 -1131.71
-0.00 0.03 0.97 0.55 -0.24 0.61 67.21 849.03 -1131.71
-0.00 0.03 0.97 0.49 -0.18 0.55 60.14 820.73 -1141.94
-0.00 0.02 0.96 0.55 -0.18 0.49 68.98 847.26 -1133.42
-0.00 0.03 0.96 0.55 -0.18 0.55 68.98 847.26 -1133.42
-0.00 0.03 0.97 0.55 -0.12 0.49 74.29 827.80 -1145.35
-0.00 0.03 0.96 0.49 -0.12 0.49 63.68 834.88 -1141.94
-0.00 0.02 0.97 0.61 -0.12 0.55 70.75 838.42 -1135.12
-0.00 0.02 0.96 0.55 -0.12 0.49 70.75 838.42 -1135.12
-0.00 0.03 0.96 0.55 -0.18 0.49 49.53 834.88 -1135.12
-0.00 0.03 0.96 0.55 -0.18 0.61 70.75 859.64 -1131.71
-0.00 0.03 0.96 0.55 -0.12 0.49 70.75 859.64 -1131.71
-0.00 0.03 0.97 0.49 -0.24 0.43 49.53 831.34 -1128.30
-0.00 0.03 0.97 0.49 -0.12 0.49 49.53 831.34 -1128.30
-0.00 0.03 0.96 0.55 -0.12 0.55 49.53 831.34 -1128.30
-0.00 0.03 0.97 0.55 -0.18 0.43 54.83 840.19 -1147.05
-0.00 0.02 0.97 0.55 -0.18 0.61 53.06 841.95 -1138.53
-0.00 0.02 0.97 0.49 -0.18 0.55 54.83 840.19 -1153.87
-0.00 0.02 0.97 0.43 -0.18 0.55 54.83 840.19 -1153.87
-0.00 0.03 0.96 0.55 -0.18 0.55 54.83 840.19 -1153.87
-0.00 0.03 0.96 0.61 -0.18 0.61 61.91 840.19 -1136.82
-0.00 0.03 0.97 0.49 -0.18 0.55 56.60 834.88 -1138.53
-0.00 0.03 0.97 0.55 -0.18 0.49 65.45 843.72 -1140.23
-0.00 0.02 0.96 0.49 -0.12 0.55 65.45 843.72 -1140.23
-0.00 0.03 0.96 0.61 -0.18 0.43 58.37 840.19 -1160.69
-0.00 0.03 0.97 0.55 -0.18 0.49 58.37 840.19 -1160.69
-0.00 0.03 0.97 0.55 -0.18 0.49 54.83 829.57 -1133.42
-0.00 0.03 0.96 0.49 -0.18 0.55 54.83 829.57 -1133.42
-0.00 0.03 0.96 0.49 -0.24 0.49 54.83 829.57 -1133.42
-0.00 0.02 0.97 0.61 -0.12 0.49 60.14 831.34 -1138.53
-0.00 0.02 0.97 0.67 -0.18 0.55 49.53 827.80 -1141.94
-0.00 0.03 0.97 0.49 -0.24 0.61 49.53 827.80 -1141.94
-0.00 0.02 0.96 0.49 -0.24 0.49 49.53 827.80 -1141.94
-0.00 0.02 0.96 0.55 -0.31 0.55 49.53 827.80 -1141.94
-0.00 0.02 0.97 0.61 -0.18 0.61 65.45 840.19 -1140.23
-0.00 0.02 0.97 0.55 -0.24 0.55 77.83 834.88 -1141.94
-0.00 0.03 0.97 0.55 -0.24 0.55 77.83 834.88 -1141.94
-0.00 0.03 0.97 0.55 -0.12 0.55 42.45 841.95 -1148.76
-0.00 0.02 0.96 0.55 -0.18 0.49 77.83 834.88 -1141.94
-0.00 0.03 0.96 0.55 -0.18 0.49 77.83 834.88 -1141.94
-0.00 0.02 0.97 0.55 -0.18 0.55 77.83 834.88 -1141.94
-0.00 0.02 0.96 0.61 -0.24 0.49 65.45 840.19 -1147.05
-0.00 0.03 0.97 0.55 -0.24 0.49 65.45 840.19 -1147.05
-0.00 0.02 0.97 0.55 -0.18 0.43 65.45 840.19 -1147.05
-0.00 0.02 0.96 0.49 -0.18 0.49 65.45 840.19 -1147.05
-0.00 0.03 0.96 0.49 -0.18 0.49 65.45 840.19 -1147.05
-0.00 0.03 0.96 0.49 -0.06 0.49 63.68 827.80 -1141.94
-0.00 0.03 0.96 0.55 -0.24 0.55 63.68 827.80 -1141.94
-0.00 0.03 0.97 0.43 -0.12 0.55 56.60 831.34 -1138.53
-0.00 0.03 0.97 0.61 -0.12 0.55 56.60 841.95 -1145.35
-0.00 0.03 0.97 0.55 -0.12 0.55 56.60 841.95 -1145.35
-0.00 0.03 0.96 0.49 -0.12 0.55 56.60 841.95 -1145.35
-0.00 0.03 0.97 0.55 -0.24 0.49 67.21 831.34 -1141.94
-0.00 0.03 0.97 0.49 -0.06 0.55 54.83 836.65 -1136.82
-0.00 0.03 0.96 0.55 -0.18 0.55 67.21 849.03 -1128.30
-0.00 0.03 0.97 0.49 -0.12 0.49 67.21 849.03 -1128.30
-0.00 0.03 0.96 0.55 -0.18 0.61 67.21 849.03 -1128.30
-0.00 0.03 0.96 0.55 -0.12 0.49 67.21 849.03 -1128.30
-0.00 0.02 0.96 0.55 -0.18 0.55 72.52 843.72 -1136.82
0.00 0.03 0.97 0.49 -0.12 0.37 61.91 829.57 -1150.46
0.00 0.02 0.97 0.55 -0.12 0.49 61.91 829.57 -1150.46
0.00 0.02 0.97 0.61 -0.12 0.55 63.68 827.80 -1148.76
-0.00 0.03 0.96 0.49 -0.18 0.61 63.68 827.80 -1148.76
-0.01 0.02 0.96 0.55 -0.24 0.43 63.68 827.80 -1148.76
-0.00 0.03 0.96 0.61 -0.24 0.55 63.68 827.80 -1148.76
-0.00 0.02 0.96 0.67 -0.31 0.55 53.06 838.42 -1138.53
0.00 0.02 0.96 0.61 -0.24 0.43 53.06 838.42 -1138.53
0.00 0.03 0.96 0.55 -0.24 0.61 53.06 838.42 -1138.53
-0.01 0.02 0.96 0.55 -0.12 0.61 81.37 838.42 -1148.76
-0.01 0.02 0.96 0.43 -0.06 0.67 81.37 838.42 -1148.76
-0.02 0.02 0.96 0.43 -0.12 0.49 81.37 838.42 -1148.76
-0.00 0.03 0.96 0.43 -0.06 0.55 60.14 834.88 -1118.08
-0.01 0.01 0.96 0.49 -0.18 0.43 60.14 841.95 -1138.53
-0.00 0.03 0.96 0.55 -0.31 0.55 60.14 841.95 -1138.53
0.00 0.02 0.96 0.61 -0.12 0.55 60.14 841.95 -1138.53
-0.01 0.02 0.97 0.61 -0.12 0.49 60.14 841.95 -1138.53
-0.00 0.03 0.96 0.55 -0.18 0.49 60.14 827.80 -1138.53
-0.00 0.03 0.96 0.61 -0.12 0.49 60.14 827.80 -1138.53
0.00 0.03 0.96 0.61 -0.12 0.61 60.14 827.80 -1138.53
-0.01 0.03 0.96 0.61 -0.18 0.61 60.14 817.19 -1135.12
-0.01 0.02 0.96 0.61 -0.18 0.55 60.14 817.19 -1135.12
-0.00 0.02 0.96 0.55 -0.31 0.49 60.14 817.19 -1135.12
0.00 0.03 0.97 0.67 -0.24 0.37 60.14 817.19 -1135.12
-0.01 0.02 0.96 0.55 -0.12 0.49 63.68 831.34 -1111.26
-0.00 0.02 0.97 0.49 -0.18 0.49 63.68 831.34 -1111.26
-0.01 0.03 0.96 0.49 -0.18 0.61 70.75 834.88 -1148.76
0.00 0.03 0.97 0.61 -0.12 0.43 67.21 838.42 -1138.53
-0.01 0.02 0.96 0.49 -0.31 0.49 67.21 838.42 -1138.53
0.01 0.03 0.96 0.61 -0.18 0.43 67.21 838.42 -1138.53
-0.01 0.02 0.97 0.49 -0.31 0.43 76.06 829.57 -1143.64
0.00 0.03 0.97 0.55 -0.18 0.49 76.06 815.42 -1133.42
-0.01 0.02 0.96 0.61 -0.18 0.37 76.06 815.42 -1133.42
-0.00 0.02 0.97 0.49 -0.24 0.43 58.37 811.88 -1150.46
0.01 0.01 0.96 0.67 -0.24 0.31 58.37 811.88 -1150.46
0.00 0.02 0.96 0.61 -0.12 0.67 58.37 811.88 -1150.46
0.01 0.02 0.96 0.49 -0.12 0.49 68.98 833.11 -1136.82
-0.00 0.03 0.97 0.55 -0.12 0.49 68.98 833.11 -1136.82
-0.00 0.02 0.97 0.55 -0.24 0.43 68.98 833.11 -1136.82
-0.00 0.02 0.96 0.55 -0.06 0.55 63.68 831.34 -1148.76
-0.00 0.02 0.96 0.55 -0.12 0.49 63.68 831.34 -1148.76
-0.00 0.03 0.96 0.55 -0.12 0.49 63.68 831.34 -1148.76
-0.00 0.02 0.97 0.55 -0.12 0.43 63.68 831.34 -1148.76
-0.00 0.02 0.96 0.55 -0.18 0.49 70.75 838.42 -1152.16
-0.00 0.03 0.97 0.55 -0.24 0.49 54.83 829.57 -1136.82
-0.00 0.03 0.97 0.55 -0.12 0.55 51.30 843.72 -1133.42
-0.00 0.03 0.96 0.49 -0.12 0.61 65.45 829.57 -1136.82
-0.01 0.02 0.96 0.49 -0.12 0.55 65.45 829.57 -1136.82
-0.01 0.02 0.97 0.55 -0.18 0.49 65.45 829.57 -1136.82
-0.00 0.01 0.96 0.55 -0.24 0.37 65.45 829.57 -1136.82
-0.01 0.04 0.96 0.61 -0.24 0.49 65.45 829.57 -1136.82
-0.01 0.02 0.96 0.61 -0.24 0.49 65.45 829.57 -1136.82
-0.00 0.03 0.96 0.55 -0.24 0.49 60.14 845.49 -1138.53
-0.00 0.02 0.96 0.55 -0.18 0.43 65.45 836.65 -1126.60
-0.05 0.06 0.97 0.55 0.00 1.71 65.45 836.65 -1126.60
-0.23 0.27 0.96 1.95 2.26 -147.64 65.45 836.65 -1126.60
-0.00 0.02 0.96 0.43 -0.24 21.55 192.80 833.11 -1092.51
-0.00 0.04 0.97 0.49 -0.18 0.55 192.80 833.11 -1092.51
-0.00 0.02 0.96 0.55 -0.12 0.73 192.80 833.11 -1092.51
-0.00 0.02 0.96 0.49 -0.18 0.43 192.80 833.11 -1092.51
-0.00 0.02 0.96 0.55 -0.18 0.55 192.80 850.80 -1112.96
-0.01 0.03 0.97 0.55 -0.18 0.43 192.80 850.80 -1112.96
-0.00 0.03 0.97 0.61 -0.18 0.49 187.49 849.03 -1107.85
0.03 0.06 0.97 0.18 -0.37 31.56 187.49 849.03 -1107.85
0.07 0.00 0.96 -0.18 0.79 88.01 187.49 849.03 -1107.85
-0.01 0.02 0.96 0.61 -0.12 0.49 187.49 849.03 -1107.85
-0.01 0.02 0.97 0.61 -0.12 0.49 187.49 849.03 -1107.85
-0.00 0.03 0.97 0.61 -0.31 0.43 81.37 884.41 -1114.67
-0.01 0.03 0.97 0.61 -0.24 0.49 61.91 872.02 -1123.19
-0.00 0.02 0.96 0.49 -0.18 0.61 76.06 875.56 -1119.78
-0.01 0.03 0.97 0.67 -0.31 0.55 76.06 875.56 -1119.78
-0.00 0.03 0.97 0.55 -0.31 0.43 76.06 875.56 -1119.78
-0.01 0.02 0.96 0.55 -0.12 0.49 70.75 880.87 -1111.26
-0.01 0.03 0.96 0.61 -0.18 0.31 70.75 880.87 -1111.26
-0.01 0.03 0.96 0.55 -0.24 0.49 49.53 880.87 -1104.44
-0.01 0.03 0.97 0.61 -0.18 0.49 49.53 880.87 -1104.44
-0.00 0.03 0.96 0.55 -0.18 0.49 49.53 880.87 -1104.44
-0.00 0.03 0.96 0.55 -0.06 0.49 68.98 882.64 -1116.37
-0.01 0.02 0.96 0.49 -0.18 0.37 77.83 873.79 -1114.67
-0.00 0.03 0.96 0.49 0.18 0.55 72.52 875.56 -1119.78
-0.01 0.03 0.97 0.49 -0.12 0.55 72.52 875.56 -1119.78
-0.00 0.02 0.96 0.55 -0.06 0.61 72.52 875.56 -1119.78
-0.09 0.06 1.03 0.67 35.77 9.89 51.30 879.10 -1123.19
-0.12 -0.02 1.02 15.99 32.84 17.15 37.15 889.71 -1133.42
-0.20 0.11 0.89 51.27 9.64 18.86 37.15 889.71 -1133.42
0.04 0.29 0.88 -53.10 -48.52 40.95 -33.61 836.65 -1123.19
0.06 0.27 0.76 3.78 -9.52 68.54 -33.61 836.65 -1123.19
0.08 0.14 0.99 -36.32 -12.51 -33.94 -33.61 836.65 -1123.19
0.06 0.21 0.95 7.57 -9.70 -11.17 -33.61 836.65 -1123.19
-0.03 0.17 0.98 7.02 1.04 14.47 -51.30 857.87 -1140.23
0.16 0.23 0.91 -4.64 -24.23 -21.30 -51.30 857.87 -1140.23
-0.25 0.45 0.98 -103.88 33.02 52.43 -51.30 857.87 -1140.23
0.49 0.00 0.67 51.76 8.36 -37.84 77.83 778.28 -1101.03
0.04 -0.01 1.31 11.60 9.03 97.53 -14.15 785.35 -1141.94
-0.47 0.43 0.92 -66.89 39.98 -10.50 -14.15 785.35 -1141.94
0.53 0.15 0.75 87.28 2.50 -39.18 -14.15 785.35 -1141.94
-0.23 -0.06 1.59 73.18 -22.83 116.15 -14.15 785.35 -1141.94
-0.34 0.38 0.56 -81.12 45.10 -38.45 -14.15 785.35 -1141.94
0.24 0.04 1.45 60.42 -15.69 75.99 -14.15 785.35 -1141.94
-0.66 0.19 1.03 -97.96 8.12 33.69 -109.67 810.12 -1186.25
0.28 0.25 0.66 40.41 -20.81 -37.84 -109.67 810.12 -1186.25
-0.14 0.12 1.24 40.28 -46.51 24.17 -47.76 811.88 -1167.50
-0.32 -0.11 0.81 21.48 9.28 -5.74 -35.38 813.65 -1193.07
-0.30 -0.58 0.98 37.66 -39.49 -5.62 -35.38 813.65 -1193.07
-0.12 0.78 1.00 -30.46 28.63 -49.80 -35.38 813.65 -1193.07
0.16 0.63 0.80 -39.79 -59.14 12.82 -35.38 813.65 -1193.07
-0.10 -0.00 1.11 13.31 2.38 -22.64 5.31 850.80 -1164.09
-0.08 -0.10 0.90 -3.78 3.60 -6.59 67.21 831.34 -1186.25
-0.05 -0.32 1.08 18.80 -14.71 -21.00 67.21 831.34 -1186.25
-0.49 -0.28 0.72 -9.64 12.88 16.91 31.84 845.49 -1199.89
0.36 1.10 0.94 -35.46 46.69 -61.10 120.28 926.86 -1182.84
-0.08 -0.11 1.02 54.50 -21.12 51.51 120.28 926.86 -1182.84
-0.19 -0.09 0.98 -7.26 3.72 -1.10 42.45 841.95 -1189.66
-0.10 0.02 1.01 17.88 17.76 -5.00 40.68 829.57 -1187.96
-0.09 -0.03 0.93 -5.00 9.28 2.50 68.98 840.19 -1201.59
-0.13 -0.25 0.82 -16.97 -12.15 13.43 68.98 840.19 -1201.59
-0.35 0.30 1.30 18.80 -22.64 -3.54 68.98 840.19 -1201.59
0.20 0.40 1.24 -70.13 35.22 -40.59 148.58 972.85 -1254.43
-0.02 -0.17 0.08 -1.46 16.05 10.13 201.64 951.62 -1332.83
-0.04 0.05 0.95 180.85 -165.59 66.65 113.20 866.72 -1213.52
-0.02 0.25 1.43 -144.04 -72.88 -23.50 113.20 866.72 -1213.52
0.07 0.08 0.81 14.53 -8.79 10.99 72.52 801.27 -1153.87
-0.01 0.08 1.06 2.20 3.17 -4.46 72.52 801.27 -1153.87
0.13 -0.04 0.96 10.50 -0.37 19.10 17.69 806.58 -1152.16
-0.24 -0.03 1.02 -21.24 21.61 42.48 17.69 806.58 -1152.16
-0.09 0.70 1.07 13.31 -4.03 -82.28 17.69 806.58 -1152.16
0.52 0.47 1.01 12.15 -32.59 -16.72 127.35 870.26 -1172.62
-0.22 -0.82 0.75 26.06 0.43 -38.88 84.90 820.73 -1203.30
-0.16 -0.20 0.89 -15.26 -14.53 -21.55 68.98 829.57 -1194.77
0.10 0.53 1.09 48.16 -1.71 -19.17 68.98 829.57 -1194.77
-0.05 0.30 0.94 3.42 21.00 6.04 68.98 829.57 -1194.77
-0.17 0.14 1.01 -31.86 70.98 -11.54 68.98 829.57 -1194.77
-0.15 0.22 1.04 -54.44 20.57 -38.94 83.13 850.80 -1167.50
0.00 0.02 0.96 -0.67 -9.03 1.46 83.13 850.80 -1167.50
-0.02 0.03 0.96 0.49 -0.18 0.61 83.13 850.80 -1167.50
-0.02 0.03 0.96 0.61 -0.24 0.55 83.13 850.80 -1167.50
-0.02 0.03 0.96 0.49 -0.24 0.55 157.42 818.96 -1164.09
-0.03 0.03 0.96 0.49 -0.18 0.55 143.27 815.42 -1153.87
-0.02 0.03 0.96 0.49 -0.18 0.55 143.27 815.42 -1153.87
-0.02 0.02 0.96 0.49 -0.18 0.49 143.27 815.42 -1153.87
-0.02 0.03 0.96 0.49 -0.24 0.61 143.27 815.42 -1153.87
-0.02 0.03 0.96 0.49 -0.18 0.49 150.35 804.81 -1150.46
-0.02 0.02 0.96 0.61 -0.24 0.55 145.04 810.12 -1155.57
-0.02 0.03 0.97 0.55 -0.18 0.55 145.04 810.12 -1155.57
-0.02 0.03 0.96 0.61 -0.18 0.61 145.04 810.12 -1155.57
-0.02 0.03 0.96 0.55 -0.18 0.49 145.04 810.12 -1155.57
-0.02 0.03 0.96 0.61 -0.12 0.43 145.04 810.12 -1155.57
-0.02 0.02 0.97 0.55 -0.12 0.49 141.50 813.65 -1152.16
-0.02 0.03 0.96 0.49 -0.18 0.61 141.50 813.65 -1152.16
-0.02 0.02 0.96 0.49 -0.18 0.49 141.50 813.65 -1152.16
-0.02 0.02 0.97 0.49 -0.12 0.55 141.50 813.65 -1152.16
-0.02 0.03 0.96 0.61 -0.18 0.55 145.04 817.19 -1162.39
-0.02 0.03 0.96 0.55 -0.18 0.55 139.74 826.03 -1167.50
-0.02 0.03 0.97 0.55 -0.18 0.55 139.74 826.03 -1167.50
-0.02 0.03 0.96 0.43 -0.24 0.49 139.74 826.03 -1167.50
-0.02 0.03 0.96 0.49 -0.12 0.49 146.81 804.81 -1157.28
-0.02 0.03 0.97 0.55 -0.12 0.61 148.58 810.12 -1162.39
-0.02 0.03 0.96 0.55 -0.06 0.55 148.58 810.12 -1162.39
-0.02 0.02 0.96 0.49 -0.12 0.55 148.58 810.12 -1162.39
-0.02 0.03 0.96 0.61 -0.18 0.55 141.50 813.65 -1152.16
-0.02 0.03 0.96 0.49 -0.18 0.49 152.12 810.12 -1162.39
-0.02 0.03 0.97 0.55 -0.12 0.55 152.12 810.12 -1162.39
-0.02 0.03 0.96 0.61 -0.18 0.55 152.12 810.12 -1162.39
-0.02 0.03 0.96 0.49 -0.18 0.49 137.97 817.19 -1162.39
-0.02 0.03 0.96 0.55 -0.06 0.49 137.97 817.19 -1162.39
-0.02 0.02 0.97 0.55 -0.12 0.55 137.97 817.19 -1162.39
-0.02 0.03 0.96 0.49 -0.18 0.49 146.81 818.96 -1147.05
-0.02 0.03 0.96 0.49 -0.18 0.55 146.81 818.96 -1147.05
-0.02 0.03 0.97 0.61 -0.12 0.61 146.81 818.96 -1147.05
-0.02 0.02 0.96 0.55 -0.18 0.55 146.81 818.96 -1147.05
-0.02 0.03 0.96 0.49 -0.24 0.55 157.42 808.35 -1167.50
-0.02 0.03 0.96 0.55 -0.18 0.73 141.50 820.73 -1148.76
-0.02 0.03 0.96 0.61 -0.18 0.55 141.50 820.73 -1148.76
-0.02 0.03 0.96 0.55 -0.18 0.37 141.50 820.73 -1148.76
-0.03 0.02 0.96 0.55 -0.24 0.55 150.35 815.42 -1157.28
-0.01 0.04 0.97 0.49 -0.24 0.31 150.35 815.42 -1157.28
-0.01 0.03 0.96 0.49 -0.12 0.55 150.35 815.42 -1157.28
-0.03 0.03 0.96 0.61 -0.12 0.61 150.35 815.42 -1157.28
-0.13 -0.02 1.13 -0.06 -2.99 0.49 150.35 815.42 -1157.28
-0.04 0.03 0.99 0.55 -1.34 0.12 148.58 820.73 -1162.39
-0.00 0.02 0.97 0.49 -0.73 0.43 148.58 820.73 -1162.39
0.00 0.03 0.96 0.49 -0.37 0.43 146.81 818.96 -1160.69
-0.01 0.03 0.96 0.61 -0.12 0.49 146.81 818.96 -1160.69
-0.07 -0.02 1.05 1.40 3.91 0.06 146.81 818.96 -1160.69
-0.05 0.02 0.98 0.55 -0.61 -0.37 150.35 811.88 -1157.28
0.01 0.03 0.97 0.61 -0.37 0.06 145.04 824.27 -1155.57
0.02 0.04 0.96 0.55 -0.43 0.31 139.74 818.96 -1164.09
0.00 0.04 0.96 0.55 -0.31 0.43 136.20 826.03 -1170.91
0.84 0.14 -0.08 0.55 -277.89 4.76 136.20 826.03 -1170.91
-0.03 0.05 0.95 0.49 -0.31 0.06 136.20 826.03 -1170.91
-0.01 0.02 0.96 0.61 0.31 0.24 129.12 815.42 -1153.87
-0.01 0.02 0.97 0.49 -0.31 0.43 129.12 815.42 -1153.87
-0.00 0.04 0.96 0.55 -0.43 0.55 145.04 820.73 -1162.39
-0.00 0.03 0.97 0.61 -0.37 0.43 145.04 820.73 -1162.39
0.18 0.02 0.49 0.67 -10.74 2.32 139.74 815.42 -1143.64
-0.04 0.01 0.96 0.43 0.06 1.53 139.74 815.42 -1143.64
-0.04 0.02 0.96 0.49 0.18 1.16 141.50 820.73 -1162.39
-0.03 0.02 0.97 0.55 0.00 0.92 141.50 820.73 -1162.39
-0.04 0.01 0.97 0.55 -0.12 0.49 141.50 820.73 -1162.39
-0.02 0.03 0.97 0.55 -0.06 0.92 143.27 818.96 -1153.87
-0.03 0.02 0.97 0.55 -0.18 0.43 143.27 818.96 -1153.87
-0.02 0.02 0.96 0.55 -0.18 0.79 143.27 818.96 -1153.87
-0.01 0.02 0.96 0.55 -0.24 0.49 143.27 818.96 -1153.87
-0.02 0.03 0.96 0.55 -0.12 0.67 143.27 818.96 -1153.87
-0.01 0.02 0.96 0.55 -0.18 0.61 137.97 820.73 -1162.39
-0.02 0.02 0.97 0.43 -0.49 0.55 137.97 820.73 -1162.39
-0.03 0.02 0.97 0.49 -1.77 0.37 139.74 826.03 -1164.09
-0.03 0.02 0.97 0.61 0.92 1.40 122.05 826.03 -1147.05
-0.02 0.02 0.97 0.55 -0.24 0.00 122.05 826.03 -1147.05
-0.02 0.02 0.96 0.61 -0.37 -0.12 122.05 826.03 -1147.05
-0.01 0.03 0.96 0.55 -0.12 0.67 146.81 822.50 -1099.33
-0.01 0.03 0.96 0.61 -0.24 0.55 146.81 822.50 -1099.33
-0.01 0.03 0.96 0.61 0.12 0.43 146.81 822.50 -1099.33
-0.02 0.02 0.96 0.49 -0.79 0.61 146.81 822.50 -1099.33
-0.02 0.02 0.97 0.61 0.18 0.31 136.20 818.96 -1112.96
-0.02 0.02 0.96 0.49 -0.79 0.49 134.43 827.80 -1128.30
-0.03 0.03 0.97 0.55 0.00 0.67 141.50 834.88 -1128.30
-0.01 0.03 0.96 0.55 -0.79 0.67 141.50 834.88 -1128.30
-0.02 0.02 0.96 0.49 -1.22 -0.49 145.04 820.73 -1152.16
0.03 0.03 0.94 0.67 -2.20 3.60 145.04 820.73 -1152.16
-0.02 0.02 0.97 0.55 -0.18 0.49 145.04 820.73 -1152.16
0.02 0.16 0.96 1.40 8.12 -29.85 150.35 815.42 -1160.69
-0.00 0.07 0.97 1.65 7.39 13.67 150.35 815.42 -1160.69
-0.10 0.18 0.92 66.77 -16.91 16.48 150.35 815.42 -1160.69
0.08 0.25 0.67 23.38 -28.93 40.77 -8.84 712.83 -1089.10
-0.05 0.31 1.20 23.68 16.11 29.30 54.83 808.35 -1153.87
-0.08 0.11 0.65 -63.48 8.91 4.76 54.83 808.35 -1153.87
-0.75 -0.11 3.62 23.25 304.93 -8.24 54.83 808.35 -1153.87
-0.07 0.17 0.93 -26.92 8.18 8.67 54.83 808.35 -1153.87
-0.98 0.40 5.54 -39.86 190.73 -45.90 54.83 808.35 -1153.87
0.02 0.04 1.05 -18.49 -72.20 30.52 54.83 808.35 -1153.87
0.33 0.29 0.35 52.86 -81.42 -34.79 54.83 808.35 -1153.87
-0.26 0.12 1.27 107.24 -141.30 54.87 14.15 739.36 -1111.26
0.03 0.16 0.21 -43.76 48.28 1.22 14.15 739.36 -1111.26
0.26 0.29 1.12 10.68 -38.09 -6.96 14.15 739.36 -1111.26
-0.20 0.06 0.54 -84.47 101.81 -7.26 54.83 804.81 -1160.69
-0.28 0.48 3.42 -125.98 213.87 -61.52 54.83 804.81 -1160.69
-0.24 -0.14 1.07 -3.66 -66.53 -11.11 76.06 804.81 -1160.69
-0.17 0.12 1.07 33.69 -25.63 8.97 76.06 804.81 -1160.69
-0.10 0.11 0.43 -71.35 23.56 6.59 76.06 804.81 -1160.69
-0.21 -0.13 0.96 -0.43 -30.52 -31.49 76.06 804.81 -1160.69
0.01 0.03 0.96 0.55 0.37 1.95 76.06 804.81 -1160.69
-0.00 0.03 0.96 0.49 0.92 5.80 76.06 804.81 -1160.69
-0.01 0.02 0.96 0.49 -0.61 0.49 95.52 817.19 -1158.98
-0.01 0.03 0.97 0.67 0.06 0.49 97.28 840.19 -1153.87
-0.01 0.03 0.97 0.61 -0.24 0.43 97.28 840.19 -1153.87
-0.01 0.03 0.96 0.55 -0.12 0.43 97.28 840.19 -1153.87
-0.01 0.03 0.97 0.61 -0.18 0.61 107.90 808.35 -1170.91
-0.02 0.02 0.96 0.55 -0.24 0.55 107.90 808.35 -1170.91
-0.02 0.02 0.96 0.61 -0.12 0.49 102.59 817.19 -1162.39
-0.02 0.03 0.96 0.49 -0.24 0.55 102.59 817.19 -1162.39
-0.01 0.03 0.96 0.55 -0.18 0.61 102.59 817.19 -1162.39
-0.01 0.03 0.96 0.61 -0.18 0.37 102.59 817.19 -1162.39
0.00 0.03 0.96 0.61 -0.24 0.43 102.59 817.19 -1162.39
0.00 0.03 0.96 0.55 -0.18 0.61 0.00 0.00 0.00
-0.00 0.03 0.96 0.49 -0.06 0.55 0.00 0.00 0.00
-0.00 0.02 0.96 0.55 -0.24 0.55 0.00 0.00 0.00
-0.00 0.03 0.96 0.61 -0.12 0.55 0.00 0.00 0.00
-0.00 0.02 0.97 0.55 -0.24 0.49 0.00 0.00 0.00
0.00 0.02 0.97 0.49 -0.12 0.49 0.00 0.00 0.00
0.00 0.03 0.97 0.49 -0.24 0.55 0.00 0.00 0.00
-0.00 0.02 0.96 0.49 -0.18 0.61 0.00 0.00 0.00
0.00 0.02 0.96 0.55 -0.18 0.49 0.00 0.00 0.00
0.00 0.02 0.96 0.49 -0.18 0.61 0.00 0.00 0.00
0.00 0.02 0.96 0.61 -0.24 0.43 0.00 0.00 0.00
-0.00 0.02 0.96 0.61 -0.24 0.55 0.00 0.00 0.00
0.00 0.03 0.97 0.61 -0.18 0.55 107.90 960.46 -1072.06
-0.00 0.02 0.97 0.49 -0.18 0.49 107.90 960.46 -1072.06
0.00 0.02 0.96 0.61 -0.18 0.55 111.44 960.46 -1078.88
-0.00 0.03 0.96 0.55 -0.24 0.61 114.97 953.39 -1075.47
-0.00 0.03 0.96 0.43 -0.18 0.49 114.97 953.39 -1075.47
0.00 0.03 0.97 0.61 -0.18 0.55 109.67 965.77 -1097.62
0.00 0.02 0.96 0.55 -0.12 0.55 109.67 965.77 -1097.62
0.00 0.04 0.96 0.31 -1.04 0.31 109.67 965.77 -1097.62
-0.00 0.02 0.96 0.43 -0.67 0.37 113.20 962.23 -1070.35
-0.02 0.02 0.97 0.79 1.40 0.24 113.20 962.23 -1070.35
0.27 -0.02 1.51 -5.13 25.09 1.28 113.20 962.23 -1070.35
0.01 0.05 0.94 0.67 0.67 0.79 99.05 976.38 -1063.54
0.31 0.00 0.08 2.75 5.25 7.08 102.59 965.77 -1097.62
-0.01 0.03 0.96 0.49 -0.18 0.73 102.59 965.77 -1097.62
0.05 0.04 0.89 1.16 0.73 0.24 102.59 965.77 -1097.62
-0.33 -0.05 2.18 -10.68 -21.36 5.55 102.59 965.77 -1097.62
0.02 0.03 0.97 0.85 -0.55 1.04 90.21 956.93 -1085.69
-0.16 0.17 1.30 7.69 81.12 4.88 90.21 956.93 -1085.69
-0.02 0.01 0.97 0.61 0.85 1.10 90.21 956.93 -1085.69
-0.09 -0.16 0.92 -6.90 -15.14 5.07 95.52 976.38 -1080.58
-0.04 0.04 0.95 0.79 0.12 0.49 95.52 976.38 -1080.58
-0.02 0.04 0.96 0.61 -0.67 1.77 95.52 976.38 -1080.58
0.01 0.01 0.96 0.55 -0.12 0.73 95.52 976.38 -1080.58
-0.01 0.03 0.96 0.61 -0.24 0.73 95.52 976.38 -1080.58
-0.01 0.02 0.96 0.55 -0.18 0.61 91.98 969.31 -1063.54
-0.02 0.02 0.96 0.61 -0.18 0.49 91.98 969.31 -1063.54
-0.01 0.02 0.96 0.55 -0.12 0.73 100.82 967.54 -1072.06
-0.01 0.02 0.96 0.55 -0.43 0.43 95.52 983.46 -1087.40
-0.01 0.03 0.96 0.55 -0.18 0.67 95.52 983.46 -1087.40
0.81 0.34 0.06 -21.79 -57.25 15.14 95.52 983.46 -1087.40
0.03 -0.02 0.95 0.79 -0.67 1.40 99.05 976.38 -1083.99
0.05 0.05 0.94 0.79 0.43 0.49 99.05 976.38 -1083.99
-0.00 0.04 0.96 0.43 -0.43 0.55 99.05 976.38 -1083.99
-0.01 0.03 0.96 0.55 0.06 0.79 99.05 976.38 -1083.99
-0.01 0.02 0.97 0.67 -0.12 0.61 84.90 962.23 -1063.54
-0.02 0.03 0.96 0.49 -0.12 0.67 84.90 962.23 -1063.54
-0.02 0.02 0.96 0.49 -0.24 0.49 84.90 962.23 -1063.54
-0.02 0.02 0.96 0.49 -0.24 0.49 84.90 962.23 -1063.54
-0.01 0.03 0.96 0.61 -0.18 0.49 83.13 971.08 -1089.10
-0.01 0.03 0.96 0.55 -0.18 0.43 83.13 971.08 -1089.10
-0.01 0.03 0.96 0.43 -0.24 0.61 83.13 971.08 -1089.10
-0.01 0.03 0.96 0.61 -0.24 0.49 83.13 971.08 -1089.10
-0.01 0.02 0.97 0.49 -0.18 0.61 95.52 958.70 -1063.54
-0.18 -0.17 1.76 -5.55 7.51 2.14 95.52 958.70 -1063.54
-0.03 0.04 1.07 -1.65 -3.17 0.98 95.52 958.70 -1063.54
0.07 0.12 0.85 2.50 -23.44 0.98 95.52 958.70 -1063.54
0.05 0.11 1.12 -0.55 -13.37 1.28 95.52 958.70 -1063.54
-0.04 0.03 1.05 -0.79 2.08 0.31 95.52 958.70 -1063.54
-0.15 0.17 0.80 3.42 0.24 3.36 100.82 967.54 -1055.01
0.34 0.07 -0.49 23.13 -82.28 5.43 100.82 967.54 -1055.01
-0.05 0.01 0.98 0.24 -0.24 0.61 100.82 967.54 -1055.01
-0.02 0.03 0.97 0.61 -0.12 0.55 100.82 967.54 -1055.01
-0.01 -0.08 0.80 -1.34 -23.80 1.59 86.67 981.69 -1075.47
-0.24 -0.13 1.28 -4.82 -9.46 1.89 77.83 976.38 -1073.76
0.19 -0.12 1.01 -16.36 -10.19 6.04 77.83 976.38 -1073.76
-0.03 -0.00 0.95 0.92 1.59 0.98 77.83 976.38 -1073.76
-0.03 0.02 0.98 0.79 -0.31 0.98 77.83 976.38 -1073.76
0.00 0.03 0.96 0.73 -0.37 1.04 90.21 964.00 -1075.47
-0.01 0.02 0.96 0.85 0.73 1.10 90.21 964.00 -1075.47
0.00 0.02 0.97 0.79 0.79 1.10 90.21 964.00 -1075.47
0.19 -0.10 0.86 4.39 31.01 2.50 90.21 964.00 -1075.47
0.23 -0.08 0.90 -9.28 -23.86 5.55 90.21 964.00 -1075.47
0.28 0.07 0.47 4.88 19.59 2.14 90.21 964.00 -1075.47
-0.08 0.16 1.35 -5.92 -12.63 4.52 72.52 964.00 -1075.47
0.29 -0.03 0.82 0.61 -13.61 2.62 72.52 964.00 -1075.47
0.21 -0.10 0.93 -4.46 -25.09 2.69 72.52 964.00 -1075.47
0.00 0.10 1.25 -8.85 -18.98 2.69 67.21 951.62 -1080.58
0.12 0.07 0.69 6.29 39.43 1.04 67.21 951.62 -1080.58
-0.18 -0.08 1.19 -4.46 3.54 2.38 83.13 960.46 -1051.61
0.09 0.06 0.94 1.16 -5.92 1.10 83.13 960.46 -1051.61
-0.13 -0.07 1.17 -3.23 -7.87 1.77 83.13 960.46 -1051.61
0.28 -0.11 0.76 -0.85 -11.11 1.95 61.91 974.61 -1078.88
0.15 0.11 0.87 10.80 -41.08 1.28 60.14 958.70 -1053.31
-0.02 0.03 0.97 0.85 1.95 0.55 70.75 958.70 -1066.94
-0.06 0.07 0.94 -1.95 32.96 3.11 70.75 958.70 -1066.94
-0.11 0.12 0.96 1.16 6.90 1.71 70.75 958.70 -1066.94
-0.10 0.07 0.50 -1.95 63.84 -0.55 60.14 969.31 -1087.40
-0.29 0.08 1.29 0.92 59.27 1.83 60.14 969.31 -1087.40
0.12 0.09 0.64 7.26 49.56 -1.46 68.98 974.61 -1068.65
0.29 -0.02 0.95 -6.59 -30.76 0.67 68.98 974.61 -1068.65
0.07 0.06 1.24 -6.71 -16.91 1.59 68.98 974.61 -1068.65
-0.02 0.14 0.94 0.67 12.08 0.18 72.52 974.61 -1055.01
0.11 0.09 0.06 4.46 0.79 1.10 72.52 974.61 -1055.01
-0.02 0.02 0.96 0.06 -0.37 1.10 72.52 974.61 -1055.01
0.06 0.05 0.96 1.10 0.31 -0.43 72.52 964.00 -1075.47
0.02 0.00 0.98 0.67 0.31 -1.04 72.52 964.00 -1075.47
-0.14 0.01 0.99 2.14 10.56 0.12 47.76 960.46 -1075.47
-0.18 0.00 0.95 1.77 6.96 1.34 47.76 960.46 -1075.47
-0.17 -0.02 1.17 2.38 23.38 1.95 51.30 971.08 -1061.83
-0.11 0.06 1.23 0.61 12.76 2.81 51.30 971.08 -1061.83
-0.02 0.02 0.98 0.79 0.37 1.16 51.30 971.08 -1061.83
0.03 0.08 0.94 2.01 0.79 0.24 49.53 962.23 -1066.94
-0.11 0.01 0.92 0.73 0.18 0.73 49.53 962.23 -1066.94
0.02 0.09 1.11 -0.73 9.70 0.24 49.53 962.23 -1066.94
-0.06 0.03 0.97 0.37 -0.61 -0.06 56.60 972.85 -1060.13
-0.08 -0.02 1.09 0.85 7.69 0.85 44.22 964.00 -1068.65
-0.01 0.03 0.96 0.49 0.00 0.67 44.22 946.31 -1065.24
-0.03 0.02 0.97 0.49 -0.12 0.67 44.22 946.31 -1065.24
-0.02 0.02 0.96 0.43 -0.12 0.61 54.83 971.08 -1058.42
-0.02 0.02 0.96 0.55 -0.06 0.61 51.30 960.46 -1058.42
-0.01 0.02 0.96 0.61 -0.18 0.49 51.30 960.46 -1058.42
-0.01 0.02 0.96 0.49 -0.37 0.55 51.30 960.46 -1058.42
-0.00 0.03 0.97 0.61 -0.18 0.61 56.60 958.70 -1073.76
-0.01 0.02 0.96 0.55 -0.18 0.37 60.14 976.38 -1070.35
0.00 0.03 0.96 0.43 -0.18 0.61 60.14 976.38 -1070.35
-0.00 0.03 0.96 0.55 -0.18 0.49 60.14 976.38 -1070.35
-0.01 0.02 0.96 0.61 -0.12 0.61 60.14 976.38 -1070.35
-0.01 0.02 0.96 0.73 -0.12 0.55 60.14 976.38 -1070.35
-0.02 0.02 0.97 0.55 -0.24 0.61 53.06 972.85 -1066.94
-0.01 0.03 0.96 0.55 -0.24 0.43 53.06 972.85 -1066.94
-0.01 0.02 0.96 0.73 -0.18 0.43 45.99 976.38 -1063.54
-0.00 0.02 0.96 0.92 -3.17 0.55 58.37 974.61 -1068.65
0.05 0.09 0.96 0.85 0.55 -29.85 58.37 974.61 -1068.65
-0.10 0.03 0.97 0.73 -1.04 -45.41 58.37 974.61 -1068.65
0.00 0.02 0.97 0.43 -0.24 0.61 86.67 949.85 -1065.24
0.00 0.02 0.96 0.49 -0.79 0.55 86.67 949.85 -1065.24
0.01 0.00 0.96 0.61 -1.59 -4.64 95.52 941.01 -1056.72
0.01 0.03 0.96 0.67 -0.37 3.72 95.52 941.01 -1056.72
-0.01 0.02 0.98 -0.18 1.10 0.49 95.52 941.01 -1056.72
-0.00 0.02 0.97 0.55 0.00 0.55 90.21 946.31 -1072.06
-0.00 0.02 0.96 0.43 -0.12 0.00 76.06 942.78 -1058.42
0.01 0.02 0.97 0.31 1.28 -0.61 76.06 942.78 -1058.42
0.01 0.03 0.97 0.49 0.12 0.37 99.05 944.55 -1070.35
0.01 0.03 0.97 0.79 -2.08 0.49 99.05 944.55 -1070.35
-0.00 0.02 0.97 0.49 0.67 0.67 99.05 944.55 -1070.35
0.00 0.02 0.97 0.61 -2.08 0.79 99.05 944.55 -1070.35
