-29
329
-267
-282
-285
317
337
-263
-288
153
315
-42
339
230
337
-267
-287
337
-233
-162
-284
320
195
-289
331
23
-290
331
215
-282
336
-264
-290
-288
217
328
-14
-290
71
336
-272
-163
336
-286
316
329
337
-268
-287
335
-281
326
336
333
-267
-281
-284
320
336
-278
-285
337
-270
-191
336
-278
-286
333
333
87
-288
333
-266
-284
322
333
-281
327
-237
-283
-251
336
-277
330
330
-267
-158
331
-270
308
333
219
-288
333
217
-289
334
-287
331
-284
332
-284
330
326
-280
332
-284
326
-284
331
-286
331
-264
321
-268
-287
329
-281
330
24
-113
65
331
-264
-283
329
-272
324
-279
329
-286
64
153
-100
-27
-141
329
-286
-26
1
-288
326
-290
328
-289
327
-285
329
-283
324
326
-286
327
320
-274
323
-282
328
-286
319
-269
317
325
-287
322
-284
327
-287
315
-265
322
31
172
-91
-277
322
-281
324
-268
324
-277
325
-286
321
-287
325
-22
-282
325
-285
325
-282
328
-286
325
-282
324
-286
-281
324
-281
324
-284
118
-232
326
-268
311
-268
319
324
-283
324
-284
320
-269
315
-264
288
-30
-287
324
-265
314
318
-120
212
-284
57
194
-16
136
-264
-284
323
-269
326
-283
339
-257
305
-263
-284
320
-289
320
-265
314
-267
320
-291
326
57
-296
58
142
-152
-248
322
-301
335
-275
322
-282
332
-292
309
-297
323
-315
-312
332
-313
320
35
-228
320
-320
345
-320
321
-320
-73
171
-320
286
-268
-320
339
-320
319
-320
322
-259
-320
337
-289
184
-290
328
-308
238
319
-289
332
-286
-286
-28
-283
330
-286
333
-280
333
-267
321
-241
322
332
-286
331
-284
332
-279
330
-281
326
-279
330
-280
-285
330
-278
324
-278
332
-283
329
-289
326
-286
324
328
-285
330
-280
326
-287
330
-285
329
-276
326
-276
-285
322
-282
318
-279
328
-277
316
-263
317
-274
315
313
-266
308
317
-282
57
196
-169
302
-267
-286
318
35
-264
225
-218
306
-271
306
-269
323
8
-164
252
-199
-286
330
-278
-95
24
322
-270
318
-152
142
-196
-280
354
-283
331
-272
340
-283
325
331
-287
335
-283
-33
-157
303
-256
191
-265
136
-213
315
327
-284
84
-266
318
335
338
-307
14
330
-40
327
-307
336
324
-305
335
-282
330
-283
-307
332
-300
331
-308
337
-312
353
-309
-234
341
331
-294
328
-299
319
-307
328
-308
322
-280
-304
331
-302
324
-301
343
-304
333
342
-303
341
-308
-295
-91
-308
342
-318
339
-292
314
-285
322
-304
321
238
166
323
-308
321
-295
332
-293
326
-296
308
-285
-307
332
-306
332
-302
330
-302
333
-300
325
-307
325
326
195
-281
323
-246
-305
328
-300
150
-300
-121
314
323
-306
323
-279
305
-280
310
-279
317
-283
307
-278
-277
311
-277
305
-281
314
-283
217
-279
-296
317
-300
-299
140
-242
315
-9
-280
205
318
-317
324
-313
320
-88
192
-37
199
331
-319
