-86
326
-298
-298
-296
302
329
-297
-302
161
300
-32
326
158
326
-300
-301
321
-286
-216
-301
302
205
-301
308
-42
-303
307
138
-301
327
-297
-301
-302
228
306
-75
-302
84
327
-301
-136
324
-303
300
303
328
-299
-301
332
-301
303
323
316
-298
-269
-303
300
326
-297
-302
323
-297
-162
331
-297
-299
326
327
17
-300
319
-296
-298
304
325
-298
305
-292
-298
-214
327
-297
305
327
-295
-133
328
-296
294
326
145
-300
322
146
-301
325
-298
325
-299
325
-297
323
324
-294
322
-297
328
-297
326
-294
325
-293
300
-292
-296
317
-291
323
45
-169
86
325
-290
-295
322
-291
307
-295
319
-293
82
89
-70
-82
-109
305
-293
-1
-56
-295
325
-294
323
-291
322
-293
322
-292
319
322
-291
319
299
-290
325
-292
324
-291
305
-287
302
326
-291
324
-292
324
-291
303
-290
313
-27
195
-136
-291
318
-289
324
-287
318
-288
318
-292
318
-292
325
-73
-290
323
-290
319
-290
323
-288
327
-289
321
-291
-289
279
-287
324
-288
61
-198
326
-286
302
-288
315
321
-288
320
-288
322
-287
308
-280
293
-79
-288
322
-282
303
324
-83
152
-284
5
208
-76
159
-293
-299
304
-295
305
-293
329
-280
298
-280
-286
323
-288
323
-284
305
-286
318
-290
329
5
-291
7
175
-177
-209
331
-294
351
-298
315
-302
322
-297
327
-292
346
-296
-294
351
-296
349
23
-174
351
-290
351
-297
351
-288
-21
161
-308
327
-267
-303
351
-299
351
-290
351
-248
-287
351
-286
228
-298
351
-290
298
341
-283
336
-300
-301
-87
-300
325
-300
317
-299
320
-296
304
-292
302
325
-297
323
-296
321
-294
324
-296
314
-295
323
-296
-296
324
-295
318
-293
321
-294
323
-293
324
-292
307
317
-295
323
-295
326
-294
321
-291
322
-293
317
-289
-289
322
-287
321
-288
325
-289
301
-280
315
-278
322
308
-280
298
309
-281
9
224
-205
298
-280
-284
322
56
-279
254
-250
300
-281
307
-282
318
-38
-128
203
-232
-294
330
-249
-137
45
310
-292
296
-193
152
-252
-294
329
-306
301
-322
304
-311
304
273
-308
325
-307
-13
-194
300
-288
206
-288
146
-256
301
321
-295
93
-285
300
286
294
-344
-81
272
-139
270
-350
294
269
-349
294
-344
277
-345
-348
286
-347
296
-347
294
-356
297
-354
-239
296
272
-347
285
-340
292
-348
290
-344
271
-339
-346
295
-346
283
-344
292
-364
268
290
-361
291
-358
-301
-195
-357
295
-356
286
-354
280
-332
283
-340
291
120
148
292
-342
292
-345
282
-338
288
-340
283
-336
-341
294
-347
294
-343
293
-343
293
-340
290
-339
294
293
192
-343
268
-336
-344
298
-335
41
-311
-210
263
292
-339
290
-332
265
-332
269
-332
269
-337
265
-333
-326
266
-329
262
-327
276
-329
221
-328
-332
290
-329
-331
54
-226
288
-8
-329
201
293
-331
298
-335
298
-156
203
-105
206
310
-333
